Blog	instead	made	cache	way	before	great	time	lake	school	big	just	may	who	month	technology	into	national	ronda	official	move	file	version	music	apple	forecast	data	those	already	they	long	writing	show	rousey	woman	after	phones	public	take	service	home	through	little	election	first	this	users	tech	case	number	any	phone	while	experience	access	compared	firm	hard	tuesday	smartphone	samsung	let	without	still	russian	sales	said	been	too	these	don	code	another	women	had	best	year	which	but	say	turn	them	three	left	according	better	here	utah	power	wednesday	around	different	return	during	twitter	own	trump	much	county	can	simple	started	one	his	system	like	out	years	fans	mcmullin	then	storage	day	than	were	know	work	start	off	thursday	being	not	you	learn	recent	october	republican	court	would	amazon	because	clinton	why	same	smart	team	most	our	have	products	google	streaming	note	your	change	get	was	even	under	him	how	over	company	week	see	needed	millions	returns	world	announced	many	make	man	free	down	also	game	some	could	now	news	quot	records	latest	tool	their	design	mike	all	help	what	deal	only	available	internet	today	herbert	found	more	top	back	production	her	doesn	last	companies	says	other	part	store	there	donald	percent	motorcycle	want	look	app	second	two	read	when	model	use	city	federal	million	facebook	galaxy	using
Latest News Articles from Techworld	0	0	0	1	0	0	0	0	0	1	0	0	0	1	0	0	0	0	0	0	0	0	0	0	0	0	0	0	0	0	0	0	0	0	0	0	0	5	0	0	0	0	0	0	3	0	8	0	1	0	1	0	0	1	0	0	0	0	0	0	0	0	0	0	0	0	0	0	0	0	0	0	0	0	1	0	1	0	0	0	0	0	0	0	0	1	0	0	0	0	0	0	0	0	0	0	3	0	2	0	0	0	1	0	0	0	0	0	0	0	0	0	1	0	5	0	1	0	0	0	0	6	0	0	0	0	0	0	0	0	0	1	0	0	0	2	3	0	0	2	0	0	0	0	1	1	0	0	0	3	0	0	3	1	0	0	0	0	0	0	0	0	1	0	0	0	1	0	3	3	0	0	3	0	0	0	0	1	0	0	0	0	1	0	0	0	0	0	0	1	0	0	0	1	1	0	0	0	0	0	0	0	0	1	1	0	0	0	0	0	0	1	3	0	0	4	0	0
Utah - The Salt Lake Tribune	0	2	2	1	5	0	3	11	3	1	5	4	8	0	0	5	0	0	2	0	3	0	0	0	2	1	2	0	3	1	0	7	0	3	11	0	3	2	4	2	1	2	0	3	7	0	0	3	2	1	1	2	0	1	2	2	0	9	0	0	2	4	0	0	0	12	3	0	0	0	3	3	5	6	0	3	3	9	3	4	1	5	4	4	2	1	44	4	6	1	0	0	1	0	0	11	1	12	2	0	0	7	13	2	1	4	6	1	3	8	0	4	4	2	0	0	0	0	2	2	14	0	0	0	0	5	1	2	0	3	7	0	0	0	0	1	1	8	0	0	0	1	0	2	3	21	1	2	2	1	2	0	2	1	3	3	0	0	1	3	2	10	1	1	2	0	4	2	2	5	0	2	1	0	3	0	4	3	1	0	0	2	0	0	2	2	4	8	2	3	0	5	0	2	0	5	3	0	0	3	6	7	3	0	0	0	1	2	0	8	0	1	4	5	2	0	0	1
NYT > Sports	1	2	0	0	4	0	1	0	2	3	0	0	8	3	0	0	3	2	0	1	0	0	0	0	0	0	1	0	0	0	0	0	2	1	4	0	0	0	0	3	1	0	0	2	1	0	0	3	0	0	0	1	0	0	0	0	2	3	0	0	2	1	0	3	0	3	1	0	0	0	0	0	3	2	0	0	3	3	1	0	1	0	5	0	0	0	0	0	0	1	0	1	6	0	0	0	0	0	0	0	0	1	10	0	2	1	2	6	0	0	0	1	0	1	0	0	2	1	3	0	5	0	0	1	0	0	0	0	0	1	0	0	0	0	6	3	1	1	0	0	0	0	0	0	1	8	1	0	2	1	0	0	1	0	0	0	0	3	0	0	0	3	0	2	0	9	1	1	1	1	0	0	0	0	5	0	1	0	1	1	0	0	0	0	0	0	0	0	1	4	0	0	0	3	0	2	1	0	0	1	0	0	0	0	0	0	2	1	0	1	0	1	2	0	0	0	0	0
NYT > Technology	0	1	0	0	1	0	1	0	1	0	1	1	0	0	2	2	0	0	0	3	0	0	1	1	0	0	0	0	0	0	0	0	0	0	2	1	1	0	1	2	0	0	4	0	0	1	6	0	0	0	1	0	0	0	0	0	0	2	2	9	1	0	1	1	2	3	1	0	0	0	0	1	0	0	3	1	2	1	1	0	1	0	0	0	0	2	0	0	0	3	0	0	0	3	1	0	0	0	2	2	0	1	2	1	3	0	0	1	0	1	0	0	0	0	0	0	0	0	0	0	3	11	0	1	0	0	1	1	2	0	0	1	1	2	0	1	0	4	1	0	3	7	4	0	1	0	0	0	2	2	2	2	1	0	0	0	0	2	0	2	1	0	0	0	0	4	1	0	0	0	0	0	2	0	1	1	0	2	3	2	1	0	0	1	0	0	0	0	0	1	3	5	0	1	0	3	0	0	2	0	0	0	0	0	0	3	0	0	0	2	1	2	0	1	1	1	8	2
WIRED	0	0	0	0	0	0	2	0	0	0	1	0	0	0	1	1	0	0	0	0	0	0	2	0	0	0	0	0	1	0	0	0	0	0	0	0	0	0	0	1	0	2	0	10	1	0	0	0	0	0	1	0	0	0	0	0	0	0	0	0	0	1	0	0	0	0	0	2	0	2	0	0	0	0	0	0	0	4	0	1	3	0	0	0	0	2	0	2	0	0	4	0	0	0	2	1	0	0	2	0	0	0	0	0	1	0	0	0	0	0	0	0	0	0	0	0	0	0	0	0	3	5	0	1	0	0	0	0	3	0	0	2	0	4	0	1	0	2	0	3	0	0	1	0	0	0	0	0	0	1	2	1	0	0	0	0	0	1	0	0	0	0	2	0	1	0	0	0	0	0	0	0	1	2	1	0	0	5	0	0	0	0	0	2	0	0	0	0	0	0	0	0	0	0	0	0	1	0	0	0	0	0	2	0	2	1	0	0	0	0	0	0	0	0	0	3	0	0
St. George - News	0	1	0	0	0	0	0	0	0	1	0	0	0	0	0	2	0	0	0	0	0	0	0	0	0	0	0	0	0	0	0	1	0	2	2	0	7	0	1	0	0	0	0	1	2	0	0	2	0	0	0	1	2	0	0	0	0	1	0	0	0	0	0	0	1	0	1	0	0	0	0	0	0	1	0	1	0	0	0	1	0	0	0	0	0	1	9	0	2	2	0	2	1	0	0	4	0	4	0	0	0	1	0	2	0	2	0	0	2	0	0	0	1	0	2	0	0	0	2	1	0	0	0	2	1	0	1	0	0	0	2	0	0	0	0	0	0	0	0	0	0	0	0	0	2	2	0	0	0	0	1	1	2	0	0	0	2	2	0	0	0	0	0	0	0	0	0	1	0	3	0	2	0	0	1	0	0	0	0	2	0	0	1	0	2	0	2	2	0	3	0	0	0	1	0	1	0	0	0	0	3	0	0	0	1	0	1	1	0	0	0	1	1	2	1	0	0	0
Latest News	0	0	0	0	0	0	1	0	0	1	0	0	2	0	0	0	1	6	0	0	0	0	2	1	0	0	0	0	0	0	0	0	6	0	1	0	0	0	0	0	1	0	0	2	1	0	0	0	0	0	0	1	0	0	0	0	0	0	0	0	0	0	0	0	0	0	0	0	1	0	0	0	1	1	1	0	1	1	0	0	0	0	0	0	0	0	0	0	2	0	0	4	0	0	0	4	1	0	1	0	0	1	3	0	0	0	0	0	0	0	0	1	0	1	0	0	0	0	0	0	1	1	0	0	2	0	0	0	0	0	0	0	0	0	1	1	0	1	0	0	0	0	1	0	0	1	0	0	1	2	3	1	3	1	0	0	2	2	1	0	0	0	0	0	0	2	1	0	0	4	0	0	4	0	0	0	0	0	0	1	0	0	0	0	0	0	0	3	1	0	0	1	0	0	0	0	0	0	0	0	2	0	0	0	1	0	0	1	0	0	0	0	0	0	0	1	0	0
Utah Jazz	0	0	0	0	0	0	0	1	0	0	0	0	0	0	0	0	0	0	0	0	0	0	0	0	0	0	0	0	0	0	0	0	0	0	0	0	0	0	0	2	0	0	0	1	0	0	0	0	0	0	0	0	0	0	0	0	0	0	0	0	0	0	0	0	0	0	0	0	0	0	0	0	0	0	0	0	0	0	0	0	0	0	0	0	0	0	8	0	1	0	0	0	0	0	0	0	0	0	0	0	0	0	2	0	0	0	0	2	0	0	0	0	0	0	0	0	0	0	0	0	0	0	1	0	0	0	1	0	0	0	0	0	0	2	4	0	0	0	0	0	0	0	0	0	0	0	0	0	0	0	0	0	0	0	0	0	0	0	4	0	0	0	4	0	0	1	0	0	0	0	0	0	0	0	0	0	0	0	0	0	0	0	0	0	5	0	0	0	0	0	0	0	0	0	0	0	0	0	0	0	0	0	0	0	0	0	0	0	0	0	0	0	1	0	1	0	0	0
Macworld	2	2	0	6	2	2	12	0	1	3	5	5	0	1	2	4	0	0	4	2	2	3	6	30	0	3	2	2	8	2	3	4	0	0	0	3	1	2	4	4	1	2	0	6	40	2	1	1	1	4	3	4	0	4	1	2	4	4	2	4	0	4	3	1	2	3	5	2	5	3	2	1	0	1	6	4	5	21	0	2	2	3	0	5	3	26	0	1	2	0	3	0	3	1	3	0	2	0	12	2	3	7	2	3	9	8	0	2	0	5	4	3	8	3	5	2	1	2	0	1	8	50	2	2	5	0	4	1	14	4	0	2	7	3	1	4	6	7	3	11	4	0	29	2	12	9	4	0	1	9	4	5	14	3	2	2	0	2	2	0	4	0	3	2	2	1	4	7	10	2	0	0	1	1	1	7	0	7	1	8	6	4	3	2	1	0	3	13	5	5	0	0	2	2	2	0	4	2	3	3	0	4	0	9	3	12	2	5	30	3	4	2	0	0	3	0	0	3
Techlearning RSS Feed	0	0	0	1	0	0	0	0	0	1	0	0	0	0	0	0	0	0	0	0	0	0	0	0	0	0	0	0	0	0	2	0	0	0	0	0	1	0	0	0	3	0	0	0	2	0	2	1	0	0	0	0	0	0	0	0	0	0	0	0	0	0	0	0	0	0	0	0	0	0	0	0	0	0	0	0	1	0	0	0	0	1	0	0	0	0	0	0	0	0	2	0	0	0	0	0	0	0	0	0	0	0	0	0	1	0	0	0	0	0	0	0	0	0	0	1	0	0	0	0	0	0	2	0	0	0	0	0	0	0	0	0	0	0	0	0	0	0	0	0	0	0	0	0	1	0	0	0	0	1	0	0	0	1	0	0	0	0	2	0	1	0	0	0	0	0	0	0	0	0	0	0	0	1	0	0	0	2	1	0	0	0	0	0	0	0	0	1	1	0	0	0	0	0	0	0	0	0	0	0	0	0	0	0	0	1	0	1	0	0	1	0	1	0	0	0	0	0
KSL / Utah / Local Stories	0	2	2	1	0	0	1	0	3	0	0	0	3	1	0	3	2	0	2	0	0	0	0	0	0	0	0	0	0	0	0	0	0	3	9	0	2	0	0	0	0	0	0	0	4	1	0	0	1	0	0	1	0	0	1	0	0	7	0	0	0	0	0	0	0	2	0	1	0	0	0	0	3	0	0	3	0	1	3	2	0	0	1	0	0	0	14	0	4	0	0	0	1	0	0	2	0	2	1	0	0	1	8	0	0	0	0	0	0	0	0	0	1	0	0	0	0	1	0	0	2	0	0	0	0	3	0	0	0	0	2	0	1	0	0	0	0	1	0	0	0	0	0	1	0	9	1	0	3	0	0	0	1	0	0	0	0	0	1	0	2	14	0	1	0	0	0	0	1	0	6	0	0	0	0	0	4	0	0	1	0	0	0	0	0	2	1	1	0	1	0	2	0	3	0	1	0	0	0	0	1	1	3	0	0	0	0	0	0	1	0	0	2	0	2	0	0	0
Technology : NPR	0	0	0	1	0	0	1	0	1	2	1	0	1	3	0	1	1	0	0	0	0	0	2	2	0	0	0	0	0	0	0	0	0	0	6	8	2	0	2	1	0	0	1	0	0	1	3	1	0	0	2	0	0	0	0	0	0	2	2	8	0	0	0	2	2	3	1	1	1	0	0	1	0	1	0	2	1	4	0	0	2	0	0	0	3	0	0	0	0	0	0	0	0	6	0	0	0	0	1	0	0	0	1	0	0	0	0	0	0	0	0	0	0	1	0	0	0	3	0	0	1	1	0	1	0	0	2	3	3	0	0	0	0	0	0	0	1	2	2	3	3	6	1	0	0	1	0	0	0	0	0	1	0	0	0	1	0	2	1	0	1	0	0	1	1	0	4	3	4	0	0	0	0	0	2	3	0	0	0	2	0	0	0	0	0	0	0	1	0	0	4	0	0	2	1	2	1	2	0	1	0	0	0	0	0	2	0	0	0	0	0	0	0	0	1	0	5	0
Utah.gov News Provider	0	0	0	0	0	0	0	4	0	0	0	0	1	0	0	0	4	0	0	0	0	0	0	0	0	1	0	0	0	0	0	0	0	0	0	0	4	1	1	0	3	0	2	0	1	0	2	0	2	0	0	1	0	0	0	0	0	0	0	0	0	0	0	0	0	0	0	0	0	0	0	0	0	0	1	0	0	0	0	0	0	0	0	0	0	0	9	0	0	1	0	0	0	0	0	0	0	0	0	0	0	1	0	0	1	0	0	0	0	0	0	2	0	0	0	0	0	0	0	0	0	1	1	0	0	0	0	0	0	0	0	0	0	0	0	0	0	0	0	0	0	0	1	0	0	0	0	0	0	1	0	0	2	1	0	0	0	0	0	1	0	0	0	0	0	0	0	0	1	0	0	0	0	0	0	0	0	0	1	1	0	0	1	0	1	2	0	0	0	0	0	0	0	0	0	0	0	0	0	1	0	0	0	0	0	0	0	0	0	0	0	0	3	0	0	0	0	0
Resources » Surfnetkids	0	0	0	0	0	0	2	0	1	0	1	0	1	0	0	1	0	0	0	0	0	0	0	0	0	0	0	0	0	0	2	0	0	0	0	0	0	0	0	0	1	1	0	1	1	0	0	0	0	0	0	0	0	0	0	0	0	0	0	0	0	0	0	0	0	0	0	0	0	0	0	0	0	0	0	0	2	1	0	0	1	0	0	0	0	0	0	0	0	0	1	0	0	0	0	0	0	0	1	0	0	0	0	1	0	0	2	0	0	1	0	0	0	0	0	0	0	0	0	0	2	1	0	0	0	0	0	0	0	0	0	0	0	0	0	0	1	0	0	0	0	0	1	0	0	1	0	0	0	1	0	0	1	0	0	0	0	0	0	1	0	0	0	0	2	0	0	0	0	0	0	0	0	0	2	0	0	2	0	0	0	2	0	0	0	0	0	0	0	0	0	0	0	0	0	0	0	1	0	0	0	0	0	0	0	0	0	1	0	0	0	0	0	2	2	0	0	0
PCWorld	2	5	1	2	1	3	5	3	2	3	6	3	0	4	5	7	0	0	1	2	0	3	6	6	3	7	2	2	6	2	0	0	0	0	7	3	2	3	4	7	2	3	3	6	40	4	2	0	0	2	3	3	4	3	2	3	3	6	1	7	1	2	4	3	3	10	13	2	4	1	0	0	0	4	2	6	11	12	2	2	2	1	0	6	4	29	1	2	5	2	2	0	3	3	4	0	4	0	11	3	2	7	1	2	8	8	2	0	0	2	4	4	6	6	1	4	4	3	0	3	6	16	0	2	4	0	2	2	9	1	1	3	5	1	0	2	1	18	1	13	5	6	9	0	4	9	5	3	0	4	6	10	0	2	1	1	0	3	5	1	4	0	1	5	7	0	3	0	9	1	0	2	4	3	9	5	0	5	3	7	2	1	7	2	0	0	2	13	2	1	1	0	2	2	6	3	3	3	4	3	0	4	0	4	0	3	3	6	29	7	2	4	1	0	4	3	2	4
Utah	0	0	0	0	1	0	0	0	0	0	0	0	1	0	0	0	0	0	1	0	0	0	0	0	2	0	0	0	0	0	0	0	0	0	0	0	1	1	0	0	0	0	2	0	0	0	0	0	0	0	0	0	0	0	0	0	0	0	0	0	0	0	0	0	0	0	0	0	0	0	0	0	0	0	0	0	0	1	0	0	0	0	0	0	0	0	6	0	0	0	0	1	0	0	1	4	0	0	0	0	0	0	1	0	0	0	0	0	2	0	0	0	0	0	0	0	0	0	0	0	0	0	0	0	0	2	0	0	0	0	1	0	0	0	0	0	0	0	0	0	0	0	0	0	0	1	0	0	1	0	0	0	0	0	0	0	0	0	0	0	0	0	0	1	0	0	1	1	0	0	0	0	0	0	1	0	0	0	0	1	0	0	0	0	0	0	0	1	1	1	0	0	0	0	0	0	0	0	0	1	3	0	0	0	0	0	0	0	0	0	0	0	0	1	0	0	0	0
Engineering at Quora on Quora	3	4	10	5	10	2	24	0	0	1	5	6	1	0	0	12	0	0	0	1	4	3	0	0	0	28	3	6	16	3	5	2	0	0	6	0	0	2	1	0	2	2	0	14	56	15	0	1	3	9	0	6	2	3	2	0	4	0	0	0	3	6	3	0	0	0	8	2	21	6	8	2	0	6	2	1	37	20	2	1	10	3	2	0	3	1	0	0	0	4	10	11	6	0	2	0	12	0	48	1	4	9	0	3	15	9	0	0	0	8	2	6	10	10	1	7	8	0	0	4	14	6	2	2	0	0	0	24	1	10	0	0	6	0	5	5	98	30	3	0	0	0	0	3	22	10	12	2	0	5	3	0	0	13	10	3	1	11	0	12	14	0	0	1	20	5	18	2	1	0	26	0	1	3	11	1	0	38	2	7	2	11	3	0	4	0	4	23	1	0	10	0	6	2	2	0	14	5	0	8	0	0	0	9	4	0	3	5	5	9	8	12	0	0	0	1	0	21
AP Top Sports News at 4:27 p.m. EDT	0	0	0	1	1	0	0	0	0	1	0	0	1	0	0	0	0	2	0	0	0	0	0	0	0	0	0	0	2	0	0	0	2	1	4	0	0	0	0	0	0	0	0	0	1	0	0	2	1	1	0	0	0	0	0	0	0	0	0	0	0	0	1	0	0	1	1	0	0	0	0	2	0	0	0	0	0	1	0	0	0	0	3	0	0	0	0	0	3	0	0	1	1	0	0	2	0	0	0	0	0	0	3	0	0	2	0	1	0	1	0	0	0	1	0	0	0	0	0	0	1	0	0	0	0	0	0	0	0	0	0	0	0	0	0	0	0	2	0	0	0	0	0	0	0	1	0	0	0	0	0	0	2	0	0	0	3	0	0	0	0	0	0	1	1	1	1	1	0	0	2	0	0	0	1	0	2	0	0	0	0	0	0	0	0	0	0	2	0	0	0	0	0	0	0	0	1	0	0	0	1	0	0	0	0	0	0	3	0	0	0	0	0	0	0	0	0	0
